RUN_ID,REQUIREMENT_ID,EXAMPLE_ID,CASE_ID,SCORE,MATCHED_TAGS,STATUS
RUN-I2-050-20260831T040629464640Z,I2-050,FS-COMPLEX-READINESS-01,complex_readiness_external_calculation,2.142857,calculation | complex | engineering | evidence | external | inputs | readiness | results,synthetic-few-shot-not-benchmark-ground-truth
RUN-I2-050-20260831T040629464640Z,I2-050,FS-COMPLEX-READINESS-02,complex_readiness_with_direct_residual_check,2.064516,complex | engineering | evidence | readiness,synthetic-few-shot-not-benchmark-ground-truth
