EVENT_ID,RUN_ID,REQUIREMENT_ID,TIMESTAMP_UTC,ROLE,MODEL,TRANSPORT_ATTEMPT,STATUS,AUTH_HEADER_NAME,RATE_LIMIT_WAIT_MS,ELAPSED_MS,RETRYING,RESPONSE_ID,INPUT_TOKENS,OUTPUT_TOKENS,TOTAL_TOKENS
EVT-000019,RUN-TRF-104-20260902T081124929214Z,TRF-104,2026-09-02T08:11:36.739Z,generator,gpt-5.6-luna-2026-07-09,1,200,Ocp-Apim-Subscription-Key,0.0,11807.232,False,,,,
EVT-000020,RUN-TRF-104-20260902T081124929214Z,TRF-104,2026-09-02T08:11:36.741Z,generator,gpt-5.6-luna-2026-07-09,1,COMPLETED,,0,11808.827,False,resp_0a7272a8ee1d46f6006a97da2d0c2c8195b598f10a76778a83,6961,859,7820
