RUN_ID,REQUIREMENT_ID,LOCAL_NAME,IRI,KIND,DATATYPE,RANGE,RECOMMENDED_UNIT,SELECTION_REASON,ITERATION_ADDED
RUN-IMO-028-20260901T181233024310Z,IMO-028,benchmarkEntity,https://w3id.org/nltl/vocab#benchmarkEntity,Class,,,,baseline target infrastructure; domain dependency of emergencyProviderContactProcedurePresent; domain dependency of prolongedEntrapmentProcedurePresent; domain dependency of shipIceStrengthened,0
RUN-IMO-028-20260901T181233024310Z,IMO-028,emergencyProviderContactProcedurePresent,https://w3id.org/nltl/vocab#emergencyProviderContactProcedurePresent,DatatypeProperty,xsd:boolean,http://www.w3.org/2001/XMLSchema#boolean,,linked by the locked 313-requirement index,0
RUN-IMO-028-20260901T181233024310Z,IMO-028,hasComponent,https://w3id.org/nltl/vocab#hasComponent,ObjectProperty,,https://w3id.org/nltl/vocab#shipComponent,,component-path dependency inferred from the linked term module,0
RUN-IMO-028-20260901T181233024310Z,IMO-028,prolongedEntrapmentProcedurePresent,https://w3id.org/nltl/vocab#prolongedEntrapmentProcedurePresent,DatatypeProperty,xsd:boolean,http://www.w3.org/2001/XMLSchema#boolean,,linked by the locked 313-requirement index,0
RUN-IMO-028-20260901T181233024310Z,IMO-028,ship,https://w3id.org/nltl/vocab#ship,Class,,,,authoritative required owner class; authoritative requirement target owner; baseline target infrastructure,0
RUN-IMO-028-20260901T181233024310Z,IMO-028,shipComponent,https://w3id.org/nltl/vocab#shipComponent,Class,,,,component-path dependency inferred from the linked term module,0
RUN-IMO-028-20260901T181233024310Z,IMO-028,shipIceStrengthened,https://w3id.org/nltl/vocab#shipIceStrengthened,DatatypeProperty,xsd:boolean,http://www.w3.org/2001/XMLSchema#boolean,,linked by the locked 313-requirement index,0
