RUN_ID,REQUIREMENT_ID,ITERATION,STATIC_VALID,VALIDATOR_ACCEPT,MATCHER_ACTIVATED,DECISION,FEEDBACK,GENERATOR_ELAPSED_MS,VALIDATOR_ELAPSED_MS
RUN-TRF-088-20260813T154253251677Z,TRF-088,1,True,False,True,STOP_TERM_RESOLUTION,"The unknown=false branch only requires an arbitrary torque quantity and does not enforce that maximumEngineTorque equals the value selected from Table 6-10. Encode the table lookup on the ship using canonical selector/input, lookup-result, and relationship/evidence terms, then compare the reported torque to that selected regulatory value; do not use presence-only torque or tableLookupApplied evidence as a substitute for the lookup constraint. Retain maximumEngineTorqueKnown=true as the non-applicable alternative. Canonical terms needed for the table operands/result/relationship are absent from the scoped vocabulary, so run the variable matcher.",35167.707,8306.916
