RUN_ID,REQUIREMENT_ID,ITERATION,ARTIFACT_TYPE,ARTIFACT_PATH,SHA256,BYTES
RUN-IMO-003-20260828T051215276829Z,IMO-003,,initial_context_pack,artifacts/context_pack_initial.json,633f1d97a149c50d33af3bc7126896f9798c120e1add29ea5840a97a4dc4c702,22170
RUN-IMO-003-20260828T051215276829Z,IMO-003,,few_shot_selection,artifacts/few_shots_selected.json,a421073e497c728f0ca76a9eee85ad3b9f7db487379acb481823801f5dcc0816,3790
RUN-IMO-003-20260828T051215276829Z,IMO-003,1,generator_prompt,artifacts/attempt_01/generator_prompt.txt,78ce8266bd00e24aa4922bb6c81c920e9896241ef43069e2b16db6c0ede3ba16,37510
RUN-IMO-003-20260828T051215276829Z,IMO-003,1,generator_raw_response,artifacts/attempt_01/generator_raw.txt,69b69b592e814a7af9761c64a33fd9fb07705c4d3618de53a22dc99e72267325,1063
RUN-IMO-003-20260828T051215276829Z,IMO-003,1,syntax_repair_prompt,artifacts/attempt_01/syntax_repair_prompt_01.txt,6d3049db0639571eb39428573171a0e09d3f2c9fa71afc53691eeb2a6379faef,2140
RUN-IMO-003-20260828T051215276829Z,IMO-003,1,syntax_repair_raw_response,artifacts/attempt_01/syntax_repair_raw_01.txt,69b69b592e814a7af9761c64a33fd9fb07705c4d3618de53a22dc99e72267325,1063
RUN-IMO-003-20260828T051215276829Z,IMO-003,1,syntax_repair_prompt,artifacts/attempt_01/syntax_repair_prompt_02.txt,6d3049db0639571eb39428573171a0e09d3f2c9fa71afc53691eeb2a6379faef,2140
RUN-IMO-003-20260828T051215276829Z,IMO-003,1,syntax_repair_raw_response,artifacts/attempt_01/syntax_repair_raw_02.txt,c932630fdc04dd7355503cfe931cdcc72d0e3d86a32613eead0d4ffe28750fa0,1062
RUN-IMO-003-20260828T051215276829Z,IMO-003,1,syntax_repair_prompt,artifacts/attempt_01/syntax_repair_prompt_03.txt,200e4ba1edc3518ffdc510b2ef182d67e4578dd243a74a878372e42f4ba4ba3f,2138
RUN-IMO-003-20260828T051215276829Z,IMO-003,1,syntax_repair_raw_response,artifacts/attempt_01/syntax_repair_raw_03.txt,b696e2d411d6366bc3193d4ce62430e26cb1a8280457916fb018b25b4e40a60f,1061
RUN-IMO-003-20260828T051215276829Z,IMO-003,1,candidate_shape,artifacts/attempt_01/candidate_shape.ttl,fff0a1b5fabbc112a0ef030c5c2684f8af7aecb91cd67dc148355e9266863062,1036
RUN-IMO-003-20260828T051215276829Z,IMO-003,1,deterministic_validation,artifacts/attempt_01/deterministic_validation.json,b0243eaf46176eb5b24d4a8f29f49ae45eed1f2d45aeb71fc628d129471dd3c5,828
RUN-IMO-003-20260828T051215276829Z,IMO-003,1,validator_prompt,artifacts/attempt_01/validator_prompt_01.txt,e0e3a8de98c8b13fe6af1f15000322f7665813f92c3f67eae4225b0c789bffc4,33508
RUN-IMO-003-20260828T051215276829Z,IMO-003,1,validator_raw_response,artifacts/attempt_01/validator_raw_01.txt,1ddaf743c494f92d6864e3118ec96f6bed1ff5521eb7385b745cffb65fd8363a,732
RUN-IMO-003-20260828T051215276829Z,IMO-003,2,generator_prompt,artifacts/attempt_02/generator_prompt.txt,d9767e7f7bc36756ca6f4968d2c7a4d4eec45b87f3156a10f33010b3f67740cb,38177
RUN-IMO-003-20260828T051215276829Z,IMO-003,2,generator_raw_response,artifacts/attempt_02/generator_raw.txt,3db1feaa6d1ad01499b138737847cdfa55b12e072d64151d6316aa9b75cce531,1307
RUN-IMO-003-20260828T051215276829Z,IMO-003,2,candidate_shape,artifacts/attempt_02/candidate_shape.ttl,b109e01b1358cb79aa8f8ac6ec257d0b26858f3c2ab63801392ad875ab0dbf2b,1282
RUN-IMO-003-20260828T051215276829Z,IMO-003,2,deterministic_validation,artifacts/attempt_02/deterministic_validation.json,b0243eaf46176eb5b24d4a8f29f49ae45eed1f2d45aeb71fc628d129471dd3c5,828
RUN-IMO-003-20260828T051215276829Z,IMO-003,2,validator_prompt,artifacts/attempt_02/validator_prompt_01.txt,31090a5937d039a0ea0255bbbea3ecafda79a1e66805f8ae858749dc98338101,34447
RUN-IMO-003-20260828T051215276829Z,IMO-003,2,validator_raw_response,artifacts/attempt_02/validator_raw_01.txt,35a9fd7f8494abc4b66d8dc4708da4429bf733c5049a58deff392803753b9ccd,379
RUN-IMO-003-20260828T051215276829Z,IMO-003,2,final_accepted_shape,final/final_shape.ttl,b109e01b1358cb79aa8f8ac6ec257d0b26858f3c2ab63801392ad875ab0dbf2b,1282
