RUN_ID,REQUIREMENT_ID,ITERATION,STATIC_VALID,VALIDATOR_ACCEPT,MATCHER_ACTIVATED,DECISION,FEEDBACK,GENERATOR_ELAPSED_MS,VALIDATOR_ELAPSED_MS
RUN-IMO-094-20260827T211351883620Z,IMO-094,1,True,True,False,ACCEPT,"Candidate is semantically faithful: it targets the required ship owner, records the required boolean applicability, and conditionally requires both the astern-facing sound signaling system and International Code of Signals compliance when escort is provided. Deterministic validation is valid.",9201.118,4622.276
